             precision    recall  f1-score   support

       arch       0.99      0.98      0.98       565
  left-loop       0.99      0.99      0.99      3364
 right-loop       0.98      0.99      0.99      3358
tented-arch       0.96      0.95      0.95       462
      whorl       0.99      0.99      0.99      3041

avg / total       0.99      0.99      0.99     10790

0.98609823911
[[ 551    3    4    7    0]
 [   1 3321   18    6   18]
 [   0   11 3331    6   10]
 [   4   12    6  439    1]
 [   0   18   25    0 2998]]