testing
0.986098
             precision    recall  f1-score   support

       arch       0.99      0.99      0.99       565
  left-loop       0.99      0.99      0.99      3364
 right-loop       0.98      0.99      0.99      3358
tented-arch       0.98      0.94      0.96       462
      whorl       0.99      0.99      0.99      3041

avg / total       0.99      0.99      0.99     10790

0.98609823911
[[ 559    3    1    2    0]
 [   3 3315   18    4   24]
 [   0   14 3330    5    9]
 [   5   15    5  436    1]
 [   0   10   31    0 3000]]



training
0.987627
             precision    recall  f1-score   support

       arch       0.97      0.98      0.98      1367
  left-loop       0.99      0.99      0.99     13837
 right-loop       0.99      0.99      0.99     13094
tented-arch       0.98      0.89      0.93      1270
      whorl       0.99      0.99      0.99     13592

avg / total       0.99      0.99      0.99     43160

0.987627432808
[[ 1337     8     8    12     2]
 [    3 13692    23     3   116]
 [   10    35 12994    11    44]
 [   21    70    52  1126     1]
 [    1    31    83     0 13477]]